trackTargetTrigger groupIndex triggerTime triggerWord
11 0 1759436873570024184 19
11 0 1759436873570024192 12
11 0 1759436873570024208 15
11 0 1759436873570024240 46
11 0 1759436873570026520 11
11 1 1759436877897019040 19
11 1 1759436877897019048 12
11 1 1759436877897019064 15
11 1 1759436877897019096 46
11 1 1759436877897021376 11
11 2 1759436880055019960 19
11 2 1759436880055019968 12
11 2 1759436880055019984 15
11 2 1759436880055020016 46
11 2 1759436880055022296 11
11 3 1759436882398574872 19
11 3 1759436882398574880 12
11 3 1759436882398574896 15
11 3 1759436882398574928 46
11 3 1759436882398577208 11
11 4 1759436885511613952 19
11 4 1759436885511613960 12
11 4 1759436885511613976 15
11 4 1759436885511614008 46
11 4 1759436885511616288 11
11 5 1759436889270977832 19
11 5 1759436889270977840 12
11 5 1759436889270977856 15
11 5 1759436889270977888 46
11 5 1759436889270980168 11
11 6 1759436891666145640 19
11 6 1759436891666145648 12
11 6 1759436891666145664 15
11 6 1759436891666145696 46
11 6 1759436891666147976 11
11 7 1759436896036643864 19
11 7 1759436896036643872 12
11 7 1759436896036643888 15
11 7 1759436896036643920 46
11 7 1759436896036646200 11
11 8 1759436899916713544 19
11 8 1759436899916713552 12
11 8 1759436899916713568 15
11 8 1759436899916713600 46
11 8 1759436899916715880 11
11 9 1759436905700375560 19
11 9 1759436905700375568 12
11 9 1759436905700375584 15
11 9 1759436905700375616 46
11 9 1759436905700377896 11
11 10 1759436909976274424 19
11 10 1759436909976274432 12
11 10 1759436909976274448 15
11 10 1759436909976274480 46
11 10 1759436909976276760 11
11 11 1759436913198898320 19
11 11 1759436913198898328 12
11 11 1759436913198898344 15
11 11 1759436913198898376 46
11 11 1759436913198900656 11
11 12 1759436915250160040 19
11 12 1759436915250160048 12
11 12 1759436915250160064 15
11 12 1759436915250160096 46
11 12 1759436915250162376 11
11 13 1759436918348840680 19
11 13 1759436918348840688 12
11 13 1759436918348840704 15
11 13 1759436918348840736 46
11 13 1759436918348843016 11
11 14 1759436920486072992 19
11 14 1759436920486073000 12
11 14 1759436920486073016 15
11 14 1759436920486073048 46
11 14 1759436920486075328 11
11 15 1759436922901700712 19
11 15 1759436922901700720 12
11 15 1759436922901700736 15
11 15 1759436922901700768 46
11 15 1759436922901703048 11
11 16 1759436925228629136 19
11 16 1759436925228629144 12
11 16 1759436925228629160 15
11 16 1759436925228629192 46
11 16 1759436925228631472 11
11 17 1759436927757859808 19
11 17 1759436927757859816 12
11 17 1759436927757859832 15
11 17 1759436927757859864 46
11 17 1759436927757862144 11
11 18 1759436931748690408 19
11 18 1759436931748690416 12
11 18 1759436931748690432 15
11 18 1759436931748690464 46
11 18 1759436931748692744 11
11 19 1759436937892403304 19
11 19 1759436937892403312 12
11 19 1759436937892403328 15
11 19 1759436937892403360 46
11 19 1759436937892405640 11
11 20 1759436940047571464 19
11 20 1759436940047571472 12
11 20 1759436940047571488 15
11 20 1759436940047571520 46
11 20 1759436940047573800 11
11 21 1759436944569801064 19
11 21 1759436944569801072 12
11 21 1759436944569801088 15
11 21 1759436944569801120 46
11 21 1759436944569803400 11
11 22 1759436947531191928 19
11 22 1759436947531191936 12
11 22 1759436947531191952 15
11 22 1759436947531191984 46
11 22 1759436947531194264 11
11 23 1759436950080064888 19
11 23 1759436950080064896 12
11 23 1759436950080064912 15
11 23 1759436950080064944 46
11 23 1759436950080067224 11
11 24 1759436954483504632 19
11 24 1759436954483504640 12
11 24 1759436954483504656 15
11 24 1759436954483504688 46
11 24 1759436954483506968 11
11 25 1759436959714359728 19
11 25 1759436959714359736 12
11 25 1759436959714359752 15
11 25 1759436959714359784 46
11 25 1759436959714362064 11
11 26 1759436962689352656 19
11 26 1759436962689352664 12
11 26 1759436962689352680 15
11 26 1759436962689352712 46
11 26 1759436962689354992 11
11 27 1759436967162871320 19
11 27 1759436967162871328 12
11 27 1759436967162871344 15
11 27 1759436967162871376 46
11 27 1759436967162873656 11
11 28 1759436969725129000 19
11 28 1759436969725129008 12
11 28 1759436969725129024 15
11 28 1759436969725129056 46
11 28 1759436969725131336 11
11 29 1759436975601120704 19
11 29 1759436975601120712 12
11 29 1759436975601120728 15
11 29 1759436975601120760 46
11 29 1759436975601123040 11
11 30 1759436978587178944 19
11 30 1759436978587178952 12
11 30 1759436978587178968 15
11 30 1759436978587179000 46
11 30 1759436978587181280 11
11 31 1759436981825184320 19
11 31 1759436981825184328 12
11 31 1759436981825184344 15
11 31 1759436981825184376 46
11 31 1759436981825186656 11
11 32 1759436985179891696 19
11 32 1759436985179891704 12
11 32 1759436985179891720 15
11 32 1759436985179891752 46
11 32 1759436985179894032 11
11 33 1759436990910984776 19
11 33 1759436990910984784 12
11 33 1759436990910984800 15
11 33 1759436990910984832 46
11 33 1759436990910987112 11
11 34 1759436995771087048 19
11 34 1759436995771087056 12
11 34 1759436995771087072 15
11 34 1759436995771087104 46
11 34 1759436995771089384 11
11 35 1759437000160395896 19
11 35 1759437000160395904 12
11 35 1759437000160395920 15
11 35 1759437000160395952 46
11 35 1759437000160398232 11
11 36 1759437005952271992 19
11 36 1759437005952272000 12
11 36 1759437005952272016 15
11 36 1759437005952272048 46
11 36 1759437005952274328 11
11 37 1759437008021163728 19
11 37 1759437008021163736 12
11 37 1759437008021163752 15
11 37 1759437008021163784 46
11 37 1759437008021166064 11
11 38 1759437010528283664 19
11 38 1759437010528283672 12
11 38 1759437010528283688 15
11 38 1759437010528283720 46
11 38 1759437010528286000 11
11 39 1759437012600786152 19
11 39 1759437012600786160 12
11 39 1759437012600786176 15
11 39 1759437012600786208 46
11 39 1759437012600788488 11
11 40 1759437016162511488 19
11 40 1759437016162511496 12
11 40 1759437016162511512 15
11 40 1759437016162511544 46
11 40 1759437016162513824 11
11 41 1759437019275520328 19
11 41 1759437019275520336 12
11 41 1759437019275520352 15
11 41 1759437019275520384 46
11 41 1759437019275522664 11
11 42 1759437023657529800 19
11 42 1759437023657529808 12
11 42 1759437023657529824 15
11 42 1759437023657529856 46
11 42 1759437023657532136 11
11 43 1759437025949461760 19
11 43 1759437025949461768 12
11 43 1759437025949461784 15
11 43 1759437025949461816 46
11 43 1759437025949464096 11
11 44 1759437028181347528 19
11 44 1759437028181347536 12
11 44 1759437028181347552 15
11 44 1759437028181347584 46
11 44 1759437028181349864 11
11 45 1759437030545649792 19
11 45 1759437030545649800 12
11 45 1759437030545649816 15
11 45 1759437030545649848 46
11 45 1759437030545652128 11
11 46 1759437033501911040 19
11 46 1759437033501911048 12
11 46 1759437033501911064 15
11 46 1759437033501911096 46
11 46 1759437033501913376 11
11 47 1759437036616249208 19
11 47 1759437036616249216 12
11 47 1759437036616249232 15
11 47 1759437036616249264 46
11 47 1759437036616251544 11
11 48 1759437039313735064 19
11 48 1759437039313735072 12
11 48 1759437039313735088 15
11 48 1759437039313735120 46
11 48 1759437039313737400 11
11 49 1759437042319064984 19
11 49 1759437042319064992 12
11 49 1759437042319065008 15
11 49 1759437042319065040 46
11 49 1759437042319067320 11
11 50 1759437044527885120 19
11 50 1759437044527885128 12
11 50 1759437044527885144 15
11 50 1759437044527885176 46
11 50 1759437044527887456 11
11 51 1759437047887444768 19
11 51 1759437047887444776 12
11 51 1759437047887444792 15
11 51 1759437047887444824 46
11 51 1759437047887447104 11
11 52 1759437051226319976 19
11 52 1759437051226319984 12
11 52 1759437051226320000 15
11 52 1759437051226320032 46
11 52 1759437051226322312 11
11 53 1759437053843074104 19
11 53 1759437053843074112 12
11 53 1759437053843074128 15
11 53 1759437053843074160 46
11 53 1759437053843076440 11
11 54 1759437059113279280 19
11 54 1759437059113279288 12
11 54 1759437059113279304 15
11 54 1759437059113279336 46
11 54 1759437059113281616 11
11 55 1759437062311999232 19
11 55 1759437062311999240 12
11 55 1759437062311999256 15
11 55 1759437062311999288 46
11 55 1759437062312001568 11
11 56 1759437064411095296 19
11 56 1759437064411095304 12
11 56 1759437064411095320 15
11 56 1759437064411095352 46
11 56 1759437064411097632 11
11 57 1759437068460130088 19
11 57 1759437068460130096 12
11 57 1759437068460130112 15
11 57 1759437068460130144 46
11 57 1759437068460132424 11
11 58 1759437071333255400 19
11 58 1759437071333255408 12
11 58 1759437071333255424 15
11 58 1759437071333255456 46
11 58 1759437071333257736 11
11 59 1759437073500759568 19
11 59 1759437073500759576 12
11 59 1759437073500759592 15
11 59 1759437073500759624 46
11 59 1759437073500761904 11
11 60 1759437075953411856 19
11 60 1759437075953411864 12
11 60 1759437075953411880 15
11 60 1759437075953411912 46
11 60 1759437075953414192 11
11 61 1759437078919860712 19
11 61 1759437078919860720 12
11 61 1759437078919860736 15
11 61 1759437078919860768 46
11 61 1759437078919863048 11
11 62 1759437082680199456 19
11 62 1759437082680199464 12
11 62 1759437082680199480 15
11 62 1759437082680199512 46
11 62 1759437082680201792 11
11 63 1759437085595086880 19
11 63 1759437085595086888 12
11 63 1759437085595086904 15
11 63 1759437085595086936 46
11 63 1759437085595089216 11
11 64 1759437087867994344 19
11 64 1759437087867994352 12
11 64 1759437087867994368 15
11 64 1759437087867994400 46
11 64 1759437087867996680 11
11 65 1759437092765422144 19
11 65 1759437092765422152 12
11 65 1759437092765422168 15
11 65 1759437092765422200 46
11 65 1759437092765424480 11
11 66 1759437095706428240 19
11 66 1759437095706428248 12
11 66 1759437095706428264 15
11 66 1759437095706428296 46
11 66 1759437095706430576 11
11 67 1759437098692189456 19
11 67 1759437098692189464 12
11 67 1759437098692189480 15
11 67 1759437098692189512 46
11 67 1759437098692191792 11
11 68 1759437102067151928 19
11 68 1759437102067151936 12
11 68 1759437102067151952 15
11 68 1759437102067151984 46
11 68 1759437102067154264 11
11 69 1759437104274312704 19
11 69 1759437104274312712 12
11 69 1759437104274312728 15
11 69 1759437104274312760 46
11 69 1759437104274315040 11
11 70 1759437107047621472 19
11 70 1759437107047621480 12
11 70 1759437107047621496 15
11 70 1759437107047621528 46
11 70 1759437107047623808 11
11 71 1759437112186233608 19
11 71 1759437112186233616 12
11 71 1759437112186233632 15
11 71 1759437112186233664 46
11 71 1759437112186235944 11
11 72 1759437115258095680 19
11 72 1759437115258095688 12
11 72 1759437115258095704 15
11 72 1759437115258095736 46
11 72 1759437115258098016 11
11 73 1759437120460246520 19
11 73 1759437120460246528 12
11 73 1759437120460246544 15
11 73 1759437120460246576 46
11 73 1759437120460248856 11
11 74 1759437122505781448 19
11 74 1759437122505781456 12
11 74 1759437122505781472 15
11 74 1759437122505781504 46
11 74 1759437122505783784 11
11 75 1759437126427048328 19
11 75 1759437126427048336 12
11 75 1759437126427048352 15
11 75 1759437126427048384 46
11 75 1759437126427050664 11
11 76 1759437130202911312 19
11 76 1759437130202911320 12
11 76 1759437130202911336 15
11 76 1759437130202911368 46
11 76 1759437130202913648 11
11 77 1759437132574248696 19
11 77 1759437132574248704 12
11 77 1759437132574248720 15
11 77 1759437132574248752 46
11 77 1759437132574251032 11
11 78 1759437136314266792 19
11 78 1759437136314266800 12
11 78 1759437136314266816 15
11 78 1759437136314266848 46
11 78 1759437136314269128 11
11 79 1759437138726193792 19
11 79 1759437138726193800 12
11 79 1759437138726193816 15
11 79 1759437138726193848 46
11 79 1759437138726196128 11
11 80 1759437141347856744 19
11 80 1759437141347856752 12
11 80 1759437141347856768 15
11 80 1759437141347856800 46
11 80 1759437141347859080 11
11 81 1759437145730788672 19
11 81 1759437145730788680 12
11 81 1759437145730788696 15
11 81 1759437145730788728 46
11 81 1759437145730791008 11
11 82 1759437148501138768 19
11 82 1759437148501138776 12
11 82 1759437148501138792 15
11 82 1759437148501138824 46
11 82 1759437148501141104 11
11 83 1759437150671531456 19
11 83 1759437150671531464 12
11 83 1759437150671531480 15
11 83 1759437150671531512 46
11 83 1759437150671533792 11
11 84 1759437152757208648 19
11 84 1759437152757208656 12
11 84 1759437152757208672 15
11 84 1759437152757208704 46
11 84 1759437152757210984 11
11 85 1759437156319969160 19
11 85 1759437156319969168 12
11 85 1759437156319969184 15
11 85 1759437156319969216 46
11 85 1759437156319971496 11
11 86 1759437159380343416 19
11 86 1759437159380343424 12
11 86 1759437159380343440 15
11 86 1759437159380343472 46
11 86 1759437159380345752 11
11 87 1759437162180207136 19
11 87 1759437162180207144 12
11 87 1759437162180207160 15
11 87 1759437162180207192 46
11 87 1759437162180209472 11
11 88 1759437170895877904 19
11 88 1759437170895877912 12
11 88 1759437170895877928 15
11 88 1759437170895877960 46
11 88 1759437170895880240 11
11 89 1759437174833835912 19
11 89 1759437174833835920 12
11 89 1759437174833835936 15
11 89 1759437174833835968 46
11 89 1759437174833838248 11
11 90 1759437177036369160 19
11 90 1759437177036369168 12
11 90 1759437177036369184 15
11 90 1759437177036369216 46
11 90 1759437177036371496 11
11 91 1759437183479998496 19
11 91 1759437183479998504 12
11 91 1759437183479998520 15
11 91 1759437183479998552 46
11 91 1759437183480000832 11
11 92 1759437185759283288 19
11 92 1759437185759283296 12
11 92 1759437185759283312 15
11 92 1759437185759283344 46
11 92 1759437185759285624 11
11 93 1759437187930536816 19
11 93 1759437187930536824 12
11 93 1759437187930536840 15
11 93 1759437187930536872 46
11 93 1759437187930539152 11
11 94 1759437190790464936 19
11 94 1759437190790464944 12
11 94 1759437190790464960 15
11 94 1759437190790464992 46
11 94 1759437190790467272 11
11 95 1759437192834833000 19
11 95 1759437192834833008 12
11 95 1759437192834833024 15
11 95 1759437192834833056 46
11 95 1759437192834835336 11
11 96 1759437198207022120 19
11 96 1759437198207022128 12
11 96 1759437198207022144 15
11 96 1759437198207022176 46
11 96 1759437198207024456 11
11 97 1759437200822486136 19
11 97 1759437200822486144 12
11 97 1759437200822486160 15
11 97 1759437200822486192 46
11 97 1759437200822488472 11
11 98 1759437203345210952 19
11 98 1759437203345210960 12
11 98 1759437203345210976 15
11 98 1759437203345211008 46
11 98 1759437203345213288 11
11 99 1759437205950931224 19
11 99 1759437205950931232 12
11 99 1759437205950931248 15
11 99 1759437205950931280 46
11 99 1759437205950933560 11
11 100 1759437208983615376 19
11 100 1759437208983615384 12
11 100 1759437208983615400 15
11 100 1759437208983615432 46
11 100 1759437208983617712 11
11 101 1759437211078341544 19
11 101 1759437211078341552 12
11 101 1759437211078341568 15
11 101 1759437211078341600 46
11 101 1759437211078343880 11
11 102 1759437215779706376 19
11 102 1759437215779706384 12
11 102 1759437215779706400 15
11 102 1759437215779706432 46
11 102 1759437215779708712 11
11 103 1759437218264780264 19
11 103 1759437218264780272 12
11 103 1759437218264780288 15
11 103 1759437218264780320 46
11 103 1759437218264782600 11
11 104 1759437222211745192 19
11 104 1759437222211745200 12
11 104 1759437222211745216 15
11 104 1759437222211745248 46
11 104 1759437222211747528 11
11 105 1759437224511479048 19
11 105 1759437224511479056 12
11 105 1759437224511479072 15
11 105 1759437224511479104 46
11 105 1759437224511481384 11
11 106 1759437228999850688 19
11 106 1759437228999850696 12
11 106 1759437228999850712 15
11 106 1759437228999850744 46
11 106 1759437228999853024 11
11 107 1759437232871616592 19
11 107 1759437232871616600 12
11 107 1759437232871616616 15
11 107 1759437232871616648 46
11 107 1759437232871618928 11
11 108 1759437236055003168 19
11 108 1759437236055003176 12
11 108 1759437236055003192 15
11 108 1759437236055003224 46
11 108 1759437236055005504 11
11 109 1759437239473523032 19
11 109 1759437239473523040 12
11 109 1759437239473523056 15
11 109 1759437239473523088 46
11 109 1759437239473525368 11
11 110 1759437241563820416 19
11 110 1759437241563820424 12
11 110 1759437241563820440 15
11 110 1759437241563820472 46
11 110 1759437241563822752 11
11 111 1759437244264239584 19
11 111 1759437244264239592 12
11 111 1759437244264239608 15
11 111 1759437244264239640 46
11 111 1759437244264241920 11
11 112 1759437246321547536 19
11 112 1759437246321547544 12
11 112 1759437246321547560 15
11 112 1759437246321547592 46
11 112 1759437246321549872 11
11 113 1759437249211289536 19
11 113 1759437249211289544 12
11 113 1759437249211289560 15
11 113 1759437249211289592 46
11 113 1759437249211291872 11
11 114 1759437253225609888 19
11 114 1759437253225609896 12
11 114 1759437253225609912 15
11 114 1759437253225609944 46
11 114 1759437253225612224 11
11 115 1759437255869872664 19
11 115 1759437255869872672 12
11 115 1759437255869872688 15
11 115 1759437255869872720 46
11 115 1759437255869875000 11
11 116 1759437259055446712 19
11 116 1759437259055446720 12
11 116 1759437259055446736 15
11 116 1759437259055446768 46
11 116 1759437259055449048 11
11 117 1759437261089607344 19
11 117 1759437261089607352 12
11 117 1759437261089607368 15
11 117 1759437261089607400 46
11 117 1759437261089609680 11
11 118 1759437264296158320 19
11 118 1759437264296158328 12
11 118 1759437264296158344 15
11 118 1759437264296158376 46
11 118 1759437264296160656 11
11 119 1759437266430954776 19
11 119 1759437266430954784 12
11 119 1759437266430954800 15
11 119 1759437266430954832 46
11 119 1759437266430957112 11
11 120 1759437269135988448 19
11 120 1759437269135988456 12
11 120 1759437269135988472 15
11 120 1759437269135988504 46
11 120 1759437269135990784 11
11 121 1759437271848296392 19
11 121 1759437271848296400 12
11 121 1759437271848296416 15
11 121 1759437271848296448 46
11 121 1759437271848298728 11
11 122 1759437273926539320 19
11 122 1759437273926539328 12
11 122 1759437273926539344 15
11 122 1759437273926539376 46
11 122 1759437273926541656 11
11 123 1759437278587786592 19
11 123 1759437278587786600 12
11 123 1759437278587786616 15
11 123 1759437278587786648 46
11 123 1759437278587788928 11
11 124 1759437281423665568 19
11 124 1759437281423665576 12
11 124 1759437281423665592 15
11 124 1759437281423665624 46
11 124 1759437281423667904 11
11 125 1759437283530948520 19
11 125 1759437283530948528 12
11 125 1759437283530948544 15
11 125 1759437283530948576 46
11 125 1759437283530950856 11
11 126 1759437285805676304 19
11 126 1759437285805676312 12
11 126 1759437285805676328 15
11 126 1759437285805676360 46
11 126 1759437285805678640 11
11 127 1759437291030858120 19
11 127 1759437291030858128 12
11 127 1759437291030858144 15
11 127 1759437291030858176 46
11 127 1759437291030860456 11
11 128 1759437293220544112 19
11 128 1759437293220544120 12
11 128 1759437293220544136 15
11 128 1759437293220544168 46
11 128 1759437293220546448 11
11 129 1759437296174612776 19
11 129 1759437296174612784 12
11 129 1759437296174612800 15
11 129 1759437296174612832 46
11 129 1759437296174615112 11
11 130 1759437299052963080 19
11 130 1759437299052963088 12
11 130 1759437299052963104 15
11 130 1759437299052963136 46
11 130 1759437299052965416 11
11 131 1759437301299213696 19
11 131 1759437301299213704 12
11 131 1759437301299213720 15
11 131 1759437301299213752 46
11 131 1759437301299216032 11
11 132 1759437303702155808 19
11 132 1759437303702155816 12
11 132 1759437303702155832 15
11 132 1759437303702155864 46
11 132 1759437303702158144 11
11 133 1759437306628418088 19
11 133 1759437306628418096 12
11 133 1759437306628418112 15
11 133 1759437306628418144 46
11 133 1759437306628420424 11
11 134 1759437309946613712 19
11 134 1759437309946613720 12
11 134 1759437309946613736 15
11 134 1759437309946613768 46
11 134 1759437309946616048 11
11 135 1759437312063824832 19
11 135 1759437312063824840 12
11 135 1759437312063824856 15
11 135 1759437312063824888 46
11 135 1759437312063827168 11
11 136 1759437314098684520 19
11 136 1759437314098684528 12
11 136 1759437314098684544 15
11 136 1759437314098684576 46
11 136 1759437314098686856 11
11 137 1759437317655234488 19
11 137 1759437317655234496 12
11 137 1759437317655234512 15
11 137 1759437317655234544 46
11 137 1759437317655236824 11
11 138 1759437320218001904 19
11 138 1759437320218001912 12
11 138 1759437320218001928 15
11 138 1759437320218001960 46
11 138 1759437320218004240 11
11 139 1759437322584912472 19
11 139 1759437322584912480 12
11 139 1759437322584912496 15
11 139 1759437322584912528 46
11 139 1759437322584914808 11
11 140 1759437325685333944 19
11 140 1759437325685333952 12
11 140 1759437325685333968 15
11 140 1759437325685334000 46
11 140 1759437325685336280 11
11 141 1759437327929419424 19
11 141 1759437327929419432 12
11 141 1759437327929419448 15
11 141 1759437327929419480 46
11 141 1759437327929421760 11
11 142 1759437331274438336 19
11 142 1759437331274438344 12
11 142 1759437331274438360 15
11 142 1759437331274438392 46
11 142 1759437331274440672 11
11 143 1759437333585771368 19
11 143 1759437333585771376 12
11 143 1759437333585771392 15
11 143 1759437333585771424 46
11 143 1759437333585773704 11
11 144 1759437338998279224 19
11 144 1759437338998279232 12
11 144 1759437338998279248 15
11 144 1759437338998279280 46
11 144 1759437338998281560 11
11 145 1759437343569106136 19
11 145 1759437343569106144 12
11 145 1759437343569106160 15
11 145 1759437343569106192 46
11 145 1759437343569108472 11
11 146 1759437346228005048 19
11 146 1759437346228005056 12
11 146 1759437346228005072 15
11 146 1759437346228005104 46
11 146 1759437346228007384 11
11 147 1759437348507440496 19
11 147 1759437348507440504 12
11 147 1759437348507440520 15
11 147 1759437348507440552 46
11 147 1759437348507442832 11
11 148 1759437351564986752 19
11 148 1759437351564986760 12
11 148 1759437351564986776 15
11 148 1759437351564986808 46
11 148 1759437351564989088 11
11 149 1759437354084841992 19
11 149 1759437354084842000 12
11 149 1759437354084842016 15
11 149 1759437354084842048 46
11 149 1759437354084844328 11
11 150 1759437359413987888 19
11 150 1759437359413987896 12
11 150 1759437359413987912 15
11 150 1759437359413987944 46
11 150 1759437359413990224 11
11 151 1759437363777234328 19
11 151 1759437363777234336 12
11 151 1759437363777234352 15
11 151 1759437363777234384 46
11 151 1759437363777236664 11
11 152 1759437366248199032 19
11 152 1759437366248199040 12
11 152 1759437366248199056 15
11 152 1759437366248199088 46
11 152 1759437366248201368 11
11 153 1759437369873593656 19
11 153 1759437369873593664 12
11 153 1759437369873593680 15
11 153 1759437369873593712 46
11 153 1759437369873595992 11
11 154 1759437374032154544 19
11 154 1759437374032154552 12
11 154 1759437374032154568 15
11 154 1759437374032154600 46
11 154 1759437374032156880 11
11 155 1759437376344821816 19
11 155 1759437376344821824 12
11 155 1759437376344821840 15
11 155 1759437376344821872 46
11 155 1759437376344824152 11
11 156 1759437378572317000 19
11 156 1759437378572317008 12
11 156 1759437378572317024 15
11 156 1759437378572317056 46
11 156 1759437378572319336 11
11 157 1759437381727507480 19
11 157 1759437381727507488 12
11 157 1759437381727507504 15
11 157 1759437381727507536 46
11 157 1759437381727509816 11
11 158 1759437384277351120 19
11 158 1759437384277351128 12
11 158 1759437384277351144 15
11 158 1759437384277351176 46
11 158 1759437384277353456 11
11 159 1759437388383603400 19
11 159 1759437388383603408 12
11 159 1759437388383603424 15
11 159 1759437388383603456 46
11 159 1759437388383605736 11
11 160 1759437391454990072 19
11 160 1759437391454990080 12
11 160 1759437391454990096 15
11 160 1759437391454990128 46
11 160 1759437391454992408 11
11 161 1759437393666484840 19
11 161 1759437393666484848 12
11 161 1759437393666484864 15
11 161 1759437393666484896 46
11 161 1759437393666487176 11
11 162 1759437397925551664 19
11 162 1759437397925551672 12
11 162 1759437397925551688 15
11 162 1759437397925551720 46
11 162 1759437397925554000 11
11 163 1759437400445999576 19
11 163 1759437400445999584 12
11 163 1759437400445999600 15
11 163 1759437400445999632 46
11 163 1759437400446001912 11
11 164 1759437403608546456 19
11 164 1759437403608546464 12
11 164 1759437403608546480 15
11 164 1759437403608546512 46
11 164 1759437403608548792 11
11 165 1759437406251656480 19
11 165 1759437406251656488 12
11 165 1759437406251656504 15
11 165 1759437406251656536 46
11 165 1759437406251658816 11
11 166 1759437408473513056 19
11 166 1759437408473513064 12
11 166 1759437408473513080 15
11 166 1759437408473513112 46
11 166 1759437408473515392 11
11 167 1759437411792513400 19
11 167 1759437411792513408 12
11 167 1759437411792513424 15
11 167 1759437411792513456 46
11 167 1759437411792515736 11
11 168 1759437418135144864 19
11 168 1759437418135144872 12
11 168 1759437418135144888 15
11 168 1759437418135144920 46
11 168 1759437418135147200 11
11 169 1759437420654059976 19
11 169 1759437420654059984 12
11 169 1759437420654060000 15
11 169 1759437420654060032 46
11 169 1759437420654062312 11
11 170 1759437424439570568 19
11 170 1759437424439570576 12
11 170 1759437424439570592 15
11 170 1759437424439570624 46
11 170 1759437424439572904 11
11 171 1759437426818205216 19
11 171 1759437426818205224 12
11 171 1759437426818205240 15
11 171 1759437426818205272 46
11 171 1759437426818207552 11
11 172 1759437429820430512 19
11 172 1759437429820430520 12
11 172 1759437429820430536 15
11 172 1759437429820430568 46
11 172 1759437429820432848 11
11 173 1759437432179097376 19
11 173 1759437432179097384 12
11 173 1759437432179097400 15
11 173 1759437432179097432 46
11 173 1759437432179099712 11
11 174 1759437434473398248 19
11 174 1759437434473398256 12
11 174 1759437434473398272 15
11 174 1759437434473398304 46
11 174 1759437434473400584 11
11 175 1759437437904166088 19
11 175 1759437437904166096 12
11 175 1759437437904166112 15
11 175 1759437437904166144 46
11 175 1759437437904168424 11
11 176 1759437440390835624 19
11 176 1759437440390835632 12
11 176 1759437440390835648 15
11 176 1759437440390835680 46
11 176 1759437440390837960 11
11 177 1759437442702757960 19
11 177 1759437442702757968 12
11 177 1759437442702757984 15
11 177 1759437442702758016 46
11 177 1759437442702760296 11
11 178 1759437444963373104 19
11 178 1759437444963373112 12
11 178 1759437444963373128 15
11 178 1759437444963373160 46
11 178 1759437444963375440 11
11 179 1759437447723591120 19
11 179 1759437447723591128 12
11 179 1759437447723591144 15
11 179 1759437447723591176 46
11 179 1759437447723593456 11
11 180 1759437451466761152 19
11 180 1759437451466761160 12
11 180 1759437451466761176 15
11 180 1759437451466761208 46
11 180 1759437451466763488 11
11 181 1759437453806244464 19
11 181 1759437453806244472 12
11 181 1759437453806244488 15
11 181 1759437453806244520 46
11 181 1759437453806246800 11
11 182 1759437457117326568 19
11 182 1759437457117326576 12
11 182 1759437457117326592 15
11 182 1759437457117326624 46
11 182 1759437457117328904 11
11 183 1759437462113283152 19
11 183 1759437462113283160 12
11 183 1759437462113283176 15
11 183 1759437462113283208 46
11 183 1759437462113285488 11
11 184 1759437468254907480 19
11 184 1759437468254907488 12
11 184 1759437468254907504 15
11 184 1759437468254907536 46
11 184 1759437468254909816 11
11 185 1759437470312036112 19
11 185 1759437470312036120 12
11 185 1759437470312036136 15
11 185 1759437470312036168 46
11 185 1759437470312038448 11
11 186 1759437472449469232 19
11 186 1759437472449469240 12
11 186 1759437472449469256 15
11 186 1759437472449469288 46
11 186 1759437472449471568 11
11 187 1759437475918237120 19
11 187 1759437475918237128 12
11 187 1759437475918237144 15
11 187 1759437475918237176 46
11 187 1759437475918239456 11
11 188 1759437480101262496 19
11 188 1759437480101262504 12
11 188 1759437480101262520 15
11 188 1759437480101262552 46
11 188 1759437480101264832 11
11 189 1759437484842222184 19
11 189 1759437484842222192 12
11 189 1759437484842222208 15
11 189 1759437484842222240 46
11 189 1759437484842224520 11
11 190 1759437488300546664 19
11 190 1759437488300546672 12
11 190 1759437488300546688 15
11 190 1759437488300546720 46
11 190 1759437488300549000 11
11 191 1759437492485585624 19
11 191 1759437492485585632 12
11 191 1759437492485585648 15
11 191 1759437492485585680 46
11 191 1759437492485587960 11
11 192 1759437495479072792 19
11 192 1759437495479072800 12
11 192 1759437495479072816 15
11 192 1759437495479072848 46
11 192 1759437495479075128 11
11 193 1759437497626664472 19
11 193 1759437497626664480 12
11 193 1759437497626664496 15
11 193 1759437497626664528 46
11 193 1759437497626666808 11
11 194 1759437502257836728 19
11 194 1759437502257836736 12
11 194 1759437502257836752 15
11 194 1759437502257836784 46
11 194 1759437502257839064 11
11 195 1759437504608639432 19
11 195 1759437504608639440 12
11 195 1759437504608639456 15
11 195 1759437504608639488 46
11 195 1759437504608641768 11
11 196 1759437511872685920 19
11 196 1759437511872685928 12
11 196 1759437511872685944 15
11 196 1759437511872685976 46
11 196 1759437511872688256 11
11 197 1759437514760117000 19
11 197 1759437514760117008 12
11 197 1759437514760117024 15
11 197 1759437514760117056 46
11 197 1759437514760119336 11
11 198 1759437518113455248 19
11 198 1759437518113455256 12
11 198 1759437518113455272 15
11 198 1759437518113455304 46
11 198 1759437518113457584 11
11 199 1759437522959497992 19
11 199 1759437522959498000 12
11 199 1759437522959498016 15
11 199 1759437522959498048 46
11 199 1759437522959500328 11
11 200 1759437525003313616 19
11 200 1759437525003313624 12
11 200 1759437525003313640 15
11 200 1759437525003313672 46
11 200 1759437525003315952 11
11 201 1759437527163780648 19
11 201 1759437527163780656 12
11 201 1759437527163780672 15
11 201 1759437527163780704 46
11 201 1759437527163782984 11
11 202 1759437530629678024 19
11 202 1759437530629678032 12
11 202 1759437530629678048 15
11 202 1759437530629678080 46
11 202 1759437530629680360 11
11 203 1759437533541931880 19
11 203 1759437533541931888 12
11 203 1759437533541931904 15
11 203 1759437533541931936 46
11 203 1759437533541934216 11
11 204 1759437536462862448 19
11 204 1759437536462862456 12
11 204 1759437536462862472 15
11 204 1759437536462862504 46
11 204 1759437536462864784 11
11 205 1759437538951956656 19
11 205 1759437538951956664 12
11 205 1759437538951956680 15
11 205 1759437538951956712 46
11 205 1759437538951958992 11
11 206 1759437543206802768 19
11 206 1759437543206802776 12
11 206 1759437543206802792 15
11 206 1759437543206802824 46
11 206 1759437543206805104 11
11 207 1759437545747638248 19
11 207 1759437545747638256 12
11 207 1759437545747638272 15
11 207 1759437545747638304 46
11 207 1759437545747640584 11
11 208 1759437549780353648 19
11 208 1759437549780353656 12
11 208 1759437549780353672 15
11 208 1759437549780353704 46
11 208 1759437549780355984 11
11 209 1759437552768799768 19
11 209 1759437552768799776 12
11 209 1759437552768799792 15
11 209 1759437552768799824 46
11 209 1759437552768802104 11
11 210 1759437554871695096 19
11 210 1759437554871695104 12
11 210 1759437554871695120 15
11 210 1759437554871695152 46
11 210 1759437554871697432 11
11 211 1759437558262143112 19
11 211 1759437558262143120 12
11 211 1759437558262143136 15
11 211 1759437558262143168 46
11 211 1759437558262145448 11
11 212 1759437561226504200 19
11 212 1759437561226504208 12
11 212 1759437561226504224 15
11 212 1759437561226504256 46
11 212 1759437561226506536 11
11 213 1759437564358643600 19
11 213 1759437564358643608 12
11 213 1759437564358643624 15
11 213 1759437564358643656 46
11 213 1759437564358645936 11
11 214 1759437566854929008 19
11 214 1759437566854929016 12
11 214 1759437566854929032 15
11 214 1759437566854929064 46
11 214 1759437566854931344 11
11 215 1759437569198593168 19
11 215 1759437569198593176 12
11 215 1759437569198593192 15
11 215 1759437569198593224 46
11 215 1759437569198595504 11
11 216 1759437574147992072 19
11 216 1759437574147992080 12
11 216 1759437574147992096 15
11 216 1759437574147992128 46
11 216 1759437574147994408 11
11 217 1759437577849739008 19
11 217 1759437577849739016 12
11 217 1759437577849739032 15
11 217 1759437577849739064 46
11 217 1759437577849741344 11
11 218 1759437580009369064 19
11 218 1759437580009369072 12
11 218 1759437580009369088 15
11 218 1759437580009369120 46
11 218 1759437580009371400 11
11 219 1759437583428671808 19
11 219 1759437583428671816 12
11 219 1759437583428671832 15
11 219 1759437583428671864 46
11 219 1759437583428674144 11
11 220 1759437586478014072 19
11 220 1759437586478014080 12
11 220 1759437586478014096 15
11 220 1759437586478014128 46
11 220 1759437586478016408 11
11 221 1759437588917515376 19
11 221 1759437588917515384 12
11 221 1759437588917515400 15
11 221 1759437588917515432 46
11 221 1759437588917517712 11
11 222 1759437591288035840 19
11 222 1759437591288035848 12
11 222 1759437591288035864 15
11 222 1759437591288035896 46
11 222 1759437591288038176 11
11 223 1759437593762504600 19
11 223 1759437593762504608 12
11 223 1759437593762504624 15
11 223 1759437593762504656 46
11 223 1759437593762506936 11
11 224 1759437596830156968 19
11 224 1759437596830156976 12
11 224 1759437596830156992 15
11 224 1759437596830157024 46
11 224 1759437596830159304 11
11 225 1759437599666355952 19
11 225 1759437599666355960 12
11 225 1759437599666355976 15
11 225 1759437599666356008 46
11 225 1759437599666358288 11
11 226 1759437602366379624 19
11 226 1759437602366379632 12
11 226 1759437602366379648 15
11 226 1759437602366379680 46
11 226 1759437602366381960 11
11 227 1759437606280524712 19
11 227 1759437606280524720 12
11 227 1759437606280524736 15
11 227 1759437606280524768 46
11 227 1759437606280527048 11
11 228 1759437608525090376 19
11 228 1759437608525090384 12
11 228 1759437608525090400 15
11 228 1759437608525090432 46
11 228 1759437608525092712 11
11 229 1759437610655567872 19
11 229 1759437610655567880 12
11 229 1759437610655567896 15
11 229 1759437610655567928 46
11 229 1759437610655570208 11
11 230 1759437613465287672 19
11 230 1759437613465287680 12
11 230 1759437613465287696 15
11 230 1759437613465287728 46
11 230 1759437613465290008 11
11 231 1759437615746377816 19
11 231 1759437615746377824 12
11 231 1759437615746377840 15
11 231 1759437615746377872 46
11 231 1759437615746380152 11
11 232 1759437620960957704 19
11 232 1759437620960957712 12
11 232 1759437620960957728 15
11 232 1759437620960957760 46
11 232 1759437620960960040 11
11 233 1759437626517780840 19
11 233 1759437626517780848 12
11 233 1759437626517780864 15
11 233 1759437626517780896 46
11 233 1759437626517783176 11
11 234 1759437629154004312 19
11 234 1759437629154004320 12
11 234 1759437629154004336 15
11 234 1759437629154004368 46
11 234 1759437629154006648 11
11 235 1759437631857885632 19
11 235 1759437631857885640 12
11 235 1759437631857885656 15
11 235 1759437631857885688 46
11 235 1759437631857887968 11
11 236 1759437634142705136 19
11 236 1759437634142705144 12
11 236 1759437634142705160 15
11 236 1759437634142705192 46
11 236 1759437634142707472 11
11 237 1759437636690342640 19
11 237 1759437636690342648 12
11 237 1759437636690342664 15
11 237 1759437636690342696 46
11 237 1759437636690344976 11
11 238 1759437639166266264 19
11 238 1759437639166266272 12
11 238 1759437639166266288 15
11 238 1759437639166266320 46
11 238 1759437639166268600 11
11 239 1759437642094029312 19
11 239 1759437642094029320 12
11 239 1759437642094029336 15
11 239 1759437642094029368 46
11 239 1759437642094031648 11
11 240 1759437645237538200 19
11 240 1759437645237538208 12
11 240 1759437645237538224 15
11 240 1759437645237538256 46
11 240 1759437645237540536 11
11 241 1759437647368935440 19
11 241 1759437647368935448 12
11 241 1759437647368935464 15
11 241 1759437647368935496 46
11 241 1759437647368937776 11
11 242 1759437649850993680 19
11 242 1759437649850993688 12
11 242 1759437649850993704 15
11 242 1759437649850993736 46
11 242 1759437649850996016 11
11 243 1759437651871705336 19
11 243 1759437651871705344 12
11 243 1759437651871705360 15
11 243 1759437651871705392 46
11 243 1759437651871707672 11
11 244 1759437655656566488 19
11 244 1759437655656566496 12
11 244 1759437655656566512 15
11 244 1759437655656566544 46
11 244 1759437655656568824 11
11 245 1759437658523683408 19
11 245 1759437658523683416 12
11 245 1759437658523683432 15
11 245 1759437658523683464 46
11 245 1759437658523685744 11
11 246 1759437661237602728 19
11 246 1759437661237602736 12
11 246 1759437661237602752 15
11 246 1759437661237602784 46
11 246 1759437661237605064 11
11 247 1759437664712727256 19
11 247 1759437664712727264 12
11 247 1759437664712727280 15
11 247 1759437664712727312 46
11 247 1759437664712729592 11
11 248 1759437667837998224 19
11 248 1759437667837998232 12
11 248 1759437667837998248 15
11 248 1759437667837998280 46
11 248 1759437667838000560 11
11 249 1759437670464219336 19
11 249 1759437670464219344 12
11 249 1759437670464219360 15
11 249 1759437670464219392 46
11 249 1759437670464221672 11
11 250 1759437672586626416 19
11 250 1759437672586626424 12
11 250 1759437672586626440 15
11 250 1759437672586626472 46
11 250 1759437672586628752 11
11 251 1759437674591017632 19
11 251 1759437674591017640 12
11 251 1759437674591017656 15
11 251 1759437674591017688 46
11 251 1759437674591019968 11
11 252 1759437678043047368 19
11 252 1759437678043047376 12
11 252 1759437678043047392 15
11 252 1759437678043047424 46
11 252 1759437678043049704 11
11 253 1759437680465498440 19
11 253 1759437680465498448 12
11 253 1759437680465498464 15
11 253 1759437680465498496 46
11 253 1759437680465500776 11
11 254 1759437683029775288 19
11 254 1759437683029775296 12
11 254 1759437683029775312 15
11 254 1759437683029775344 46
11 254 1759437683029777624 11
11 255 1759437686853164880 19
11 255 1759437686853164888 12
11 255 1759437686853164904 15
11 255 1759437686853164936 46
11 255 1759437686853167216 11
11 256 1759437691210658376 19
11 256 1759437691210658384 12
11 256 1759437691210658400 15
11 256 1759437691210658432 46
11 256 1759437691210660712 11
11 257 1759437693961120128 19
11 257 1759437693961120136 12
11 257 1759437693961120152 15
11 257 1759437693961120184 46
11 257 1759437693961122464 11
11 258 1759437698687387256 19
11 258 1759437698687387264 12
11 258 1759437698687387280 15
11 258 1759437698687387312 46
11 258 1759437698687389592 11
11 259 1759437700973939744 19
11 259 1759437700973939752 12
11 259 1759437700973939768 15
11 259 1759437700973939800 46
11 259 1759437700973942080 11
11 260 1759437703778304272 19
11 260 1759437703778304280 12
11 260 1759437703778304296 15
11 260 1759437703778304328 46
11 260 1759437703778306608 11
11 261 1759437706492235048 19
11 261 1759437706492235056 12
11 261 1759437706492235072 15
11 261 1759437706492235104 46
11 261 1759437706492237384 11
11 262 1759437709911924480 19
11 262 1759437709911924488 12
11 262 1759437709911924504 15
11 262 1759437709911924536 46
11 262 1759437709911926816 11
11 263 1759437713152647992 19
11 263 1759437713152648000 12
11 263 1759437713152648016 15
11 263 1759437713152648048 46
11 263 1759437713152650328 11
11 264 1759437715965800432 19
11 264 1759437715965800440 12
11 264 1759437715965800456 15
11 264 1759437715965800488 46
11 264 1759437715965802768 11
11 265 1759437719339458456 19
11 265 1759437719339458464 12
11 265 1759437719339458480 15
11 265 1759437719339458512 46
11 265 1759437719339460792 11
11 266 1759437721982870432 19
11 266 1759437721982870440 12
11 266 1759437721982870456 15
11 266 1759437721982870488 46
11 266 1759437721982872768 11
11 267 1759437724732269712 19
11 267 1759437724732269720 12
11 267 1759437724732269736 15
11 267 1759437724732269768 46
11 267 1759437724732272048 11
11 268 1759437727135882720 19
11 268 1759437727135882728 12
11 268 1759437727135882744 15
11 268 1759437727135882776 46
11 268 1759437727135885056 11
11 269 1759437730280414800 19
11 269 1759437730280414808 12
11 269 1759437730280414824 15
11 269 1759437730280414856 46
11 269 1759437730280417136 11
11 270 1759437732931085416 19
11 270 1759437732931085424 12
11 270 1759437732931085440 15
11 270 1759437732931085472 46
11 270 1759437732931087752 11
11 271 1759437739552191048 19
11 271 1759437739552191056 12
11 271 1759437739552191072 15
11 271 1759437739552191104 46
11 271 1759437739552193384 11
11 272 1759437743716125680 19
11 272 1759437743716125688 12
11 272 1759437743716125704 15
11 272 1759437743716125736 46
11 272 1759437743716128016 11
11 273 1759437749649683208 19
11 273 1759437749649683216 12
11 273 1759437749649683232 15
11 273 1759437749649683264 46
11 273 1759437749649685544 11
11 274 1759437751973251656 19
11 274 1759437751973251664 12
11 274 1759437751973251680 15
11 274 1759437751973251712 46
11 274 1759437751973253992 11
11 275 1759437754133269312 19
11 275 1759437754133269320 12
11 275 1759437754133269336 15
11 275 1759437754133269368 46
11 275 1759437754133271648 11
11 276 1759437757209408456 19
11 276 1759437757209408464 12
11 276 1759437757209408480 15
11 276 1759437757209408512 46
11 276 1759437757209410792 11
11 277 1759437761037961216 19
11 277 1759437761037961224 12
11 277 1759437761037961240 15
11 277 1759437761037961272 46
11 277 1759437761037963552 11
11 278 1759437763823051192 19
11 278 1759437763823051200 12
11 278 1759437763823051216 15
11 278 1759437763823051248 46
11 278 1759437763823053528 11
11 279 1759437766012513040 19
11 279 1759437766012513048 12
11 279 1759437766012513064 15
11 279 1759437766012513096 46
11 279 1759437766012515376 11
11 280 1759437768101093480 19
11 280 1759437768101093488 12
11 280 1759437768101093504 15
11 280 1759437768101093536 46
11 280 1759437768101095816 11
11 281 1759437771010872088 19
11 281 1759437771010872096 12
11 281 1759437771010872112 15
11 281 1759437771010872144 46
11 281 1759437771010874424 11
11 282 1759437774030690736 19
11 282 1759437774030690744 12
11 282 1759437774030690760 15
11 282 1759437774030690792 46
11 282 1759437774030693072 11
11 283 1759437776338914032 19
11 283 1759437776338914040 12
11 283 1759437776338914056 15
11 283 1759437776338914088 46
11 283 1759437776338916368 11
11 284 1759437778580623960 19
11 284 1759437778580623968 12
11 284 1759437778580623984 15
11 284 1759437778580624016 46
11 284 1759437778580626296 11
11 285 1759437781073598792 19
11 285 1759437781073598800 12
11 285 1759437781073598816 15
11 285 1759437781073598848 46
11 285 1759437781073601128 11
11 286 1759437783795913056 19
11 286 1759437783795913064 12
11 286 1759437783795913080 15
11 286 1759437783795913112 46
11 286 1759437783795915392 11
11 287 1759437785829180952 19
11 287 1759437785829180960 12
11 287 1759437785829180976 15
11 287 1759437785829181008 46
11 287 1759437785829183288 11
11 288 1759437790283601352 19
11 288 1759437790283601360 12
11 288 1759437790283601376 15
11 288 1759437790283601408 46
11 288 1759437790283603688 11
11 289 1759437793452544976 19
11 289 1759437793452544984 12
11 289 1759437793452545000 15
11 289 1759437793452545032 46
11 289 1759437793452547312 11
11 290 1759437798040775240 19
11 290 1759437798040775248 12
11 290 1759437798040775264 15
11 290 1759437798040775296 46
11 290 1759437798040777576 11
11 291 1759437801452867360 19
11 291 1759437801452867368 12
11 291 1759437801452867384 15
11 291 1759437801452867416 46
11 291 1759437801452869696 11
11 292 1759437804687860080 19
11 292 1759437804687860088 12
11 292 1759437804687860104 15
11 292 1759437804687860136 46
11 292 1759437804687862416 11
11 293 1759437806804625680 19
11 293 1759437806804625688 12
11 293 1759437806804625704 15
11 293 1759437806804625736 46
11 293 1759437806804628016 11
11 294 1759437811585641160 19
11 294 1759437811585641168 12
11 294 1759437811585641184 15
11 294 1759437811585641216 46
11 294 1759437811585643496 11
11 295 1759437814242183784 19
11 295 1759437814242183792 12
11 295 1759437814242183808 15
11 295 1759437814242183840 46
11 295 1759437814242186120 11
11 296 1759437816362051200 19
11 296 1759437816362051208 12
11 296 1759437816362051224 15
11 296 1759437816362051256 46
11 296 1759437816362053536 11
11 297 1759437818882516144 19
11 297 1759437818882516152 12
11 297 1759437818882516168 15
11 297 1759437818882516200 46
11 297 1759437818882518480 11
11 298 1759437821679831768 19
11 298 1759437821679831776 12
11 298 1759437821679831792 15
11 298 1759437821679831824 46
11 298 1759437821679834104 11
11 299 1759437825980945920 19
11 299 1759437825980945928 12
11 299 1759437825980945944 15
11 299 1759437825980945976 46
11 299 1759437825980948256 11
11 300 1759437828416292488 19
11 300 1759437828416292496 12
11 300 1759437828416292512 15
11 300 1759437828416292544 46
11 300 1759437828416294824 11
11 301 1759437831559335648 19
11 301 1759437831559335656 12
11 301 1759437831559335672 15
11 301 1759437831559335704 46
11 301 1759437831559337984 11
11 302 1759437834969080648 19
11 302 1759437834969080656 12
11 302 1759437834969080672 15
11 302 1759437834969080704 46
11 302 1759437834969082984 11
11 303 1759437837250892768 19
11 303 1759437837250892776 12
11 303 1759437837250892792 15
11 303 1759437837250892824 46
11 303 1759437837250895104 11
11 304 1759437839613131248 19
11 304 1759437839613131256 12
11 304 1759437839613131272 15
11 304 1759437839613131304 46
11 304 1759437839613133584 11
11 305 1759437841923193784 19
11 305 1759437841923193792 12
11 305 1759437841923193808 15
11 305 1759437841923193840 46
11 305 1759437841923196120 11
11 306 1759437844928996488 19
11 306 1759437844928996496 12
11 306 1759437844928996512 15
11 306 1759437844928996544 46
11 306 1759437844928998824 11
11 307 1759437852730151728 19
11 307 1759437852730151736 12
11 307 1759437852730151752 15
11 307 1759437852730151784 46
11 307 1759437852730154064 11
11 308 1759437855884817672 19
11 308 1759437855884817680 12
11 308 1759437855884817696 15
11 308 1759437855884817728 46
11 308 1759437855884820008 11
11 309 1759437859166385464 19
11 309 1759437859166385472 12
11 309 1759437859166385488 15
11 309 1759437859166385520 46
11 309 1759437859166387800 11
11 310 1759437862623852656 19
11 310 1759437862623852664 12
11 310 1759437862623852680 15
11 310 1759437862623852712 46
11 310 1759437862623854992 11
11 311 1759437867515580368 19
11 311 1759437867515580376 12
11 311 1759437867515580392 15
11 311 1759437867515580424 46
11 311 1759437867515582704 11
11 312 1759437869694336024 19
11 312 1759437869694336032 12
11 312 1759437869694336048 15
11 312 1759437869694336080 46
11 312 1759437869694338360 11
11 313 1759437872202997488 19
11 313 1759437872202997496 12
11 313 1759437872202997512 15
11 313 1759437872202997544 46
11 313 1759437872202999824 11
11 314 1759437876602317408 19
11 314 1759437876602317416 12
11 314 1759437876602317432 15
11 314 1759437876602317464 46
11 314 1759437876602319744 11
11 315 1759437880568953416 19
11 315 1759437880568953424 12
11 315 1759437880568953440 15
11 315 1759437880568953472 46
11 315 1759437880568955752 11
11 316 1759437883358265336 19
11 316 1759437883358265344 12
11 316 1759437883358265360 15
11 316 1759437883358265392 46
11 316 1759437883358267672 11
11 317 1759437885409925800 19
11 317 1759437885409925808 12
11 317 1759437885409925824 15
11 317 1759437885409925856 46
11 317 1759437885409928136 11
11 318 1759437888697815664 19
11 318 1759437888697815672 12
11 318 1759437888697815688 15
11 318 1759437888697815720 46
11 318 1759437888697818000 11
11 319 1759437890928006976 19
11 319 1759437890928006984 12
11 319 1759437890928007000 15
11 319 1759437890928007032 46
11 319 1759437890928009312 11
11 320 1759437896668981224 19
11 320 1759437896668981232 12
11 320 1759437896668981248 15
11 320 1759437896668981280 46
11 320 1759437896668983560 11
11 321 1759437898982606424 19
11 321 1759437898982606432 12
11 321 1759437898982606448 15
11 321 1759437898982606480 46
11 321 1759437898982608760 11
11 322 1759437903260267416 19
11 322 1759437903260267424 12
11 322 1759437903260267440 15
11 322 1759437903260267472 46
11 322 1759437903260269752 11
11 323 1759437905445928744 19
11 323 1759437905445928752 12
11 323 1759437905445928768 15
11 323 1759437905445928800 46
11 323 1759437905445931080 11
11 324 1759437908575136368 19
11 324 1759437908575136376 12
11 324 1759437908575136392 15
11 324 1759437908575136424 46
11 324 1759437908575138704 11
11 325 1759437911453587160 19
11 325 1759437911453587168 12
11 325 1759437911453587184 15
11 325 1759437911453587216 46
11 325 1759437911453589496 11
11 326 1759437913555050448 19
11 326 1759437913555050456 12
11 326 1759437913555050472 15
11 326 1759437913555050504 46
11 326 1759437913555052784 11
11 327 1759437915959991224 19
11 327 1759437915959991232 12
11 327 1759437915959991248 15
11 327 1759437915959991280 46
11 327 1759437915959993560 11
11 328 1759437918355115064 19
11 328 1759437918355115072 12
11 328 1759437918355115088 15
11 328 1759437918355115120 46
11 328 1759437918355117400 11
11 329 1759437921400299320 19
11 329 1759437921400299328 12
11 329 1759437921400299344 15
11 329 1759437921400299376 46
11 329 1759437921400301656 11
11 330 1759437924830188504 19
11 330 1759437924830188512 12
11 330 1759437924830188528 15
11 330 1759437924830188560 46
11 330 1759437924830190840 11
11 331 1759437927300994792 19
11 331 1759437927300994800 12
11 331 1759437927300994816 15
11 331 1759437927300994848 46
11 331 1759437927300997128 11
11 332 1759437930343320760 19
11 332 1759437930343320768 12
11 332 1759437930343320784 15
11 332 1759437930343320816 46
11 332 1759437930343323096 11
11 333 1759437933624253416 19
11 333 1759437933624253424 12
11 333 1759437933624253440 15
11 333 1759437933624253472 46
11 333 1759437933624255752 11
11 334 1759437935733229560 19
11 334 1759437935733229568 12
11 334 1759437935733229584 15
11 334 1759437935733229616 46
11 334 1759437935733231896 11
11 335 1759437937868249328 19
11 335 1759437937868249336 12
11 335 1759437937868249352 15
11 335 1759437937868249384 46
11 335 1759437937868251664 11
11 336 1759437940136630800 19
11 336 1759437940136630808 12
11 336 1759437940136630824 15
11 336 1759437940136630856 46
11 336 1759437940136633136 11
11 337 1759437944685004736 19
11 337 1759437944685004744 12
11 337 1759437944685004760 15
11 337 1759437944685004792 46
11 337 1759437944685007072 11
